8.25 6.75 1.0 3.25 
17.25 9.0 2.0 6.0 
12.875 3.5 2.125 2.5 
16.875 7.25 2.625 4.75 
7.0 4.5 1.0 2.25 
2.0 2.75 0.5 1.0 
8.625 3.5 1.125 2.25 
6.125 2.75 0.625 2.0 
3.375 2.5 0.125 1.0 
5.875 2.0 0.625 1.5 
12.625 2.0 2.125 1.75 
8.125 5.0 0.125 4.25 
7.0 2.25 1.5 1.25 
8.0 2.25 1.5 1.75 
2.25 2.0 0.0 1.25 
6.75 6.0 1.0 3.25 
total # of people: 73
# of people who didn't finish all 3 games: 15.0
total rows in db: 198
rows duplicated: 1
sum of (give cakes to human): 133.0
sum of (give cakes to agent): 64.0
sum of (3 choices are the same): 18.0
sum of (3 choices are different): 40.0
percentage of given to human/agent: 2.078125
percentage of different choice/same choice: 2.2222222222222223
 
4 types give to human/agent table
55.25,26.5,2.0849056603773586,0.003262874166548491
23.75,13.5,1.7592592592592593,-0.15343915343915343
30.0,11.5,2.608695652173913,0.2553121935272965
24.0,12.5,1.92,-0.0760902255639098
 
4 types choice different/same table 
7.75,16.5,2.129032258064516,-0.041935483870967835
3.25,7.5,2.3076923076923075,0.038461538461538325
3.0,8.5,2.8333333333333335,0.275
4.0,7.5,1.875,-0.15625000000000003
 
4 dimensions give to human/agent table
62.0,27.0,2.2962962962962963,0.10498468393205235
71.0,37.0,1.9189189189189189,-0.07661044503149769
79.0,40.0,1.975,-0.0496240601503759
54.0,24.0,2.25,0.08270676691729323
58.5,35.5,1.647887323943662,-0.20703166366620776
74.5,28.5,2.6140350877192984,0.2578815459701887
79.5,35.5,2.23943661971831,0.07762363655617924
53.5,28.5,1.8771929824561404,-0.09668909114892492
 
4 dimensions choice different/same table 
9.0,15.5,1.7222222222222223,-0.22499999999999998
9.0,24.5,2.7222222222222223,0.22499999999999998
11.0,24.0,2.1818181818181817,-0.0181818181818183
7.0,16.0,2.2857142857142856,0.02857142857142847
8.5,20.0,2.3529411764705883,0.05882352941176469
9.5,20.0,2.1052631578947367,-0.052631578947368515
11.5,22.0,1.9130434782608696,-0.1391304347826087
6.5,18.0,2.769230769230769,0.24615384615384606
 
Note: in the different/same talbe, columns are #same choice, #different choice, #diff/#same, relative ratio
 
16 MBTI types  give to human/agent table
ESTJ,8.25,6.75,1.2222222222222223,-0.4118629908103592
ISTJ,17.25,9.0,1.9166666666666667,-0.0776942355889724
ESFJ,12.875,3.5,3.6785714285714284,0.7701396348012889
ISFJ,16.875,7.25,2.3275862068965516,0.12004148301788949
ESTP,7.0,4.5,1.5555555555555556,-0.25146198830409355
ISTP,2.0,2.75,0.7272727272727273,-0.6500341763499659
ESFP,8.625,3.5,2.4642857142857144,0.18582169709989266
ISFP,6.125,2.75,2.227272727272727,0.07177033492822957
ENFJ,3.375,2.5,1.35,-0.350375939849624
INFJ,5.875,2.0,2.9375,0.41353383458646614
ENFP,12.625,2.0,6.3125,2.037593984962406
INFP,8.125,5.0,1.625,-0.21804511278195488
ENTJ,7.0,2.25,3.111111111111111,0.4970760233918129
INTJ,8.0,2.25,3.5555555555555554,0.7109440267335003
ENTP,2.25,2.0,1.125,-0.45864661654135336
INTP,6.75,6.0,1.125,-0.45864661654135336
 
16 MBTI types choice different/same table
ESTJ,1.0,3.25,3.25,0.4624999999999999
ISTJ,2.0,6.0,3.0,0.3499999999999999
ESFJ,2.125,2.5,1.1764705882352942,-0.47058823529411764
ISFJ,2.625,4.75,1.8095238095238095,-0.18571428571428575
ESTP,1.0,2.25,2.25,0.012499999999999956
ISTP,0.5,1.0,2.0,-0.10000000000000003
ESFP,1.125,2.25,2.0,-0.10000000000000003
ISFP,0.625,2.0,3.2,0.44
ENFJ,0.125,1.0,8.0,2.5999999999999996
INFJ,0.625,1.5,2.4,0.07999999999999992
ENFP,2.125,1.75,0.8235294117647058,-0.6294117647058823
INFP,0.125,4.25,34.0,14.299999999999999
ENTJ,1.5,1.25,0.8333333333333334,-0.625
INTJ,1.5,1.75,1.1666666666666667,-0.475
ENTP,0.0,1.25,Infinity,Infinity
INTP,1.0,3.25,3.25,0.4624999999999999

dim_ie
0.0,10.0,17.0,14.0,13.0,16.0,11.0,15.0,18.0,19.0
0.0,5.0,6.0,6.0,7.0,6.0,10.0,5.0,6.0,13.0

dim_sn
2.0,5.0,17.0,18.0,28.0,21.0,28.0,12.0,0.0,2.0
1.0,4.0,9.0,4.0,14.0,18.0,10.0,3.0,0.0,1.0

dim_ft
2.0,4.0,23.0,15.0,8.0,17.0,30.0,20.0,5.0,9.0
1.0,1.0,10.0,9.0,10.0,9.0,11.0,9.0,2.0,2.0

dim_jp
3.0,10.0,12.0,33.0,12.0,21.0,19.0,18.0,2.0,3.0
3.0,5.0,6.0,10.0,8.0,8.0,11.0,6.0,4.0,3.0

dim_ie_c
0.0,2.0,3.0,1.0,2.0,2.0,0.0,2.0,3.0,3.0
0.0,2.0,4.0,4.0,3.0,5.0,6.0,4.0,5.0,7.0

dim_sn_c
0.0,1.0,3.0,3.0,3.0,2.0,4.0,2.0,0.0,0.0
1.0,2.0,5.0,3.0,9.0,9.0,8.0,2.0,0.0,1.0

dim_ft_c
0.0,1.0,4.0,3.0,0.0,2.0,4.0,3.0,0.0,1.0
1.0,0.0,7.0,4.0,5.0,6.0,8.0,6.0,1.0,2.0

dim_jp_c
0.0,1.0,1.0,7.0,1.0,3.0,1.0,3.0,1.0,0.0
2.0,4.0,5.0,5.0,4.0,5.0,8.0,4.0,1.0,2.0

re_n_human
0.5,0.6
0.5,0.6
0.6,0.5555555555555556
0.7,0.6
0.7,0.6
0.65,0.7
0.65,0.7
0.5,0.6
0.5,0.6
0.5,0.6
0.6,0.6666666666666666
0.6,0.6666666666666666
1.0,0.9
1.0,0.9
0.5,0.6
0.25,0.75
0.25,0.75
0.25,0.75
0.7,0.6
0.7,0.6
0.4,0.6
0.4,0.6
0.6,0.7
0.2,0.6
0.2,0.6
0.2,0.6
0.5,0.6
0.6,0.55
0.6,0.55
0.9,0.7
0.3,0.6
0.3,0.6
0.6,0.7
0.6,0.7
0.6,0.7
0.4,0.6
1.0,0.6
1.0,0.6
1.0,0.6
0.1,0.6
0.1,0.6
0.1,0.6
0.3,0.7
0.3,0.7
0.55,0.65

re_n_agent
0.5,0.6
0.6,0.5555555555555556
0.6,0.5555555555555556
0.7,0.6
0.65,0.7
0.6,0.6666666666666666
1.0,0.9
0.5,0.6
0.5,0.6
0.7,0.6
0.4,0.6
0.6,0.7
0.3,0.6
0.4,0.6
0.4,0.6
0.3,0.7

re_n_human_h
0.35,0.5
0.35,0.5
0.9,0.5
0.9,0.5
0.8,0.5
0.8,0.5
0.6,0.5
0.6,0.5
0.6,0.5
0.5,0.5
0.2,0.5
0.9,0.5
0.5,0.5
0.0,0.5
0.0,0.5
0.4,0.5
0.2,0.5
0.2,0.5

re_n_agent_h
0.35,0.5
0.9,0.5
0.8,0.5
0.5,0.5
0.5,0.5
0.2,0.5
0.2,0.5
0.4,0.5
0.5,0.5
0.5,0.5
0.0,0.5
0.4,0.5
0.2,0.5
0.3,0.5
0.3,0.5
0.3,0.5

re_s_human
0.5,0.3
0.5,0.3
0.2,0.4
0.2,0.4
0.3,0.2
0.42105263157894735,0.3684210526315789
0.42105263157894735,0.3684210526315789
0.42105263157894735,0.3684210526315789
0.15,0.25
0.15,0.25
0.15,0.25
0.6,0.2
0.6,0.2
0.6,0.2
0.5,0.4444444444444444
0.5,0.4
0.5,0.4
0.5,0.4
0.5,0.3
0.2,0.3
0.2,0.3
0.2,0.3
0.0,0.2
0.0,0.2
0.3,0.3
0.3,0.3
0.2,0.2
0.3,0.3
0.3,0.3
0.3,0.3
0.6,0.4
0.6,0.4
0.75,0.45
0.75,0.45
0.15,0.45
0.15,0.45
0.35,0.42105263157894735
0.35,0.42105263157894735
0.5,0.4
0.3,0.4
0.3,0.4
0.75,0.45
0.75,0.45
0.75,0.45
0.3,0.2
0.3,0.2
0.3,0.2
0.35,0.15
0.35,0.15
0.35,0.15
0.7,0.4
0.3,0.2222222222222222
0.0,0.1
0.35,0.45
0.35,0.45
0.35,0.45
0.5,0.3
0.5,0.3
0.2,0.3
0.2,0.3
0.6,0.4
0.3,0.25
0.2,0.4
0.2,0.4
0.4,0.4
0.1,0.1
0.6,0.2
0.6,0.2
0.1,0.0
0.1,0.0

re_s_agent
0.2,0.4
0.3,0.2
0.3,0.2
0.5,0.3
0.0,0.2
0.3,0.3
0.2,0.2
0.2,0.2
0.6,0.4
0.75,0.45
0.15,0.45
0.35,0.42105263157894735
0.5,0.4
0.5,0.4
0.3,0.4
0.7,0.4
0.3,0.2222222222222222
0.3,0.4
0.0,0.1
0.0,0.1
0.5,0.3
0.2,0.3
0.6,0.4
0.6,0.4
0.3,0.25
0.3,0.25
0.2,0.4
0.4,0.4
0.1,0.1
0.1,0.1
0.6,0.2
0.1,0.0

re_s_human_h
0.45,0.5
0.45,0.5
0.6,0.5
0.6,0.5
0.7,0.5
0.7,0.5
0.5,0.5
0.5,0.5
0.5,0.5
1.0,0.5
0.4,0.5
0.3,0.5
0.6,0.5
0.1,0.5
0.1,0.5
0.4,0.5
0.6,0.5
0.6,0.5

re_s_agent_h
0.45,0.5
0.6,0.5
0.7,0.5
1.0,0.5
1.0,0.5
0.4,0.5
0.4,0.5
0.7,0.5
0.6,0.5
0.6,0.5
0.1,0.5
0.4,0.5
0.6,0.5
0.8,0.5
0.8,0.5
0.8,0.5

re_n_same
0.5,0.6
0.25,0.75
0.2,0.6
0.6,0.7
1.0,0.6
0.1,0.6

re_n_diff
0.5,0.6
0.6,0.5555555555555556
0.7,0.6
0.65,0.7
0.6,0.6666666666666666
1.0,0.9
0.5,0.6
0.7,0.6
0.4,0.6
0.3,0.6
0.4,0.6
0.3,0.7

re_n_same_h
0.6,0.5
0.3,0.5

re_n_diff_h
0.35,0.5
0.9,0.5
0.8,0.5
0.5,0.5
0.2,0.5
0.5,0.5
0.0,0.5
0.2,0.5

re_s_same
0.42105263157894735,0.3684210526315789
0.15,0.25
0.6,0.2
0.5,0.4
0.2,0.3
0.3,0.3
0.75,0.45
0.3,0.2
0.35,0.15
0.35,0.45

re_s_diff
0.2,0.4
0.3,0.2
0.0,0.2
0.3,0.3
0.2,0.2
0.6,0.4
0.75,0.45
0.15,0.45
0.35,0.42105263157894735
0.5,0.4
0.3,0.4
0.0,0.1
0.5,0.3
0.2,0.3
0.6,0.4
0.3,0.25
0.2,0.4
0.1,0.1
0.6,0.2
0.1,0.0

re_s_same_h
0.5,0.5
0.8,0.5

re_s_diff_h
0.45,0.5
0.6,0.5
0.7,0.5
1.0,0.5
0.4,0.5
0.6,0.5
0.1,0.5
0.6,0.5




re_n_human_freq
0,5,1.0
1,6,3.0
2,5,1.5
2,6,3.0
2,7,3.0
3,5,1.0
3,6,2.0
3,7,2.0
4,5,0.5
4,6,3.0
5,5,1.0
5,6,8.0
6,5,4.5
6,6,2.0
6,7,6.0
7,6,4.0
8,5,1.0
9,5,1.5
9,6,3.0
9,7,1.0
9,9,2.0

re_n_agent_freq
0,5,0.5
2,5,1.5
3,5,2.0
3,6,1.0
3,7,1.0
4,5,1.0
4,6,3.0
5,5,2.0
5,6,3.0
6,5,2.0
6,6,1.0
6,7,2.0
7,6,2.0
8,5,0.5
9,5,0.5
9,9,1.0

re_s_human_freq
0,1,1.0
0,2,2.0
1,0,2.0
1,1,1.0
1,2,3.0
1,4,2.0
1,5,1.0
2,2,1.0
2,3,5.0
2,4,4.0
3,1,3.0
3,2,6.0
3,3,5.0
3,4,7.0
3,5,0.5
4,3,3.0
4,4,1.0
4,5,2.0
5,3,5.0
5,4,5.0
5,5,1.5
6,2,5.0
6,4,3.0
6,5,2.5
7,4,6.0
7,5,1.0
9,5,0.5

re_s_agent_freq
0,1,2.0
0,2,1.0
1,0,1.0
1,1,2.0
1,4,1.0
1,5,0.5
2,2,2.0
2,3,1.0
2,4,2.0
3,2,5.0
3,3,1.0
3,4,3.0
4,4,1.0
4,5,2.0
5,3,2.0
5,4,2.0
6,2,1.0
6,4,3.0
6,5,2.0
7,4,2.0
7,5,1.0
8,5,1.5
9,5,1.0


re_n_same_freq
1,6,1.0
2,6,1.0
2,7,1.0
3,5,0.5
5,6,1.0
6,5,0.5
6,7,1.0
9,6,1.0

re_n_diff_freq
0,5,0.5
2,5,1.0
3,5,0.5
3,6,1.0
3,7,1.0
4,6,2.0
5,5,1.0
5,6,2.0
6,5,1.0
6,6,1.0
6,7,1.0
7,6,2.0
8,5,0.5
9,5,0.5
9,9,1.0

re_s_same_freq
1,2,1.0
2,3,1.0
3,1,1.0
3,2,1.0
3,3,1.0
3,4,1.0
4,3,1.0
5,4,1.0
5,5,0.5
6,2,1.0
7,4,1.0
8,5,0.5

re_s_diff_freq
0,1,1.0
0,2,1.0
1,0,1.0
1,1,1.0
1,4,1.0
1,5,0.5
2,2,1.0
2,3,1.0
2,4,2.0
3,2,2.0
3,3,1.0
3,4,2.0
4,5,1.0
5,3,1.0
5,4,1.0
6,2,1.0
6,4,2.0
6,5,1.5
7,4,1.0
7,5,0.5
9,5,0.5
